0.10000000149011612    219
0.10000000149011612    205
0.10000000149011612    240
0.10000000149011612    190
0.10000000149011612    168
0.10000000149011612    182
0.10000000149011612    197
0.10000000149011612    230
0.10000000149011612    184
0.10000000149011612    173
0.10000000149011612    189
0.10000000149011612    201
0.10000000149011612    414
0.10000000149011612    385
0.10000000149011612    366
0.10000000149011612    501
0.10000000149011612    367
0.10000000149011612    362
0.10000000149011612    216
0.10000000149011612    197
0.10000000149011612    241
0.10000000149011612    191
0.10000000149011612    167
0.10000000149011612    184
0.10000000149011612    173
0.10000000149011612    257
0.10000000149011612    245
0.10000000149011612    273
0.10000000149011612    148
0.10000000149011612    114
0.10000000149011612    151
0.10000000149011612    133
0.10000000149011612    147
0.10000000149011612    163
0.10000000149011612    159
0.10000000149011612    150
0.10000000149011612    122
0.10000000149011612    129
0.10000000149011612    157
0.10000000149011612    131
0.10000000149011612    181
0.10000000149011612    223
0.10000000149011612    115
0.10000000149011612    204
0.10000000149011612    148
0.10000000149011612    160
0.10000000149011612    164
0.10000000149011612    149
0.10000000149011612    177
0.10000000149011612    192
0.10000000149011612    232
0.10000000149011612    151
0.10000000149011612    199
0.10000000149011612    242
0.10000000149011612    277
0.10000000149011612    191
0.10000000149011612    173
0.10000000149011612    153
0.10000000149011612    310
0.10000000149011612    240
0.10000000149011612    235
0.10000000149011612    279
0.10000000149011612    337
0.10000000149011612    247
0.10000000149011612    320
0.10000000149011612    330
0.10000000149011612    331
0.10000000149011612    423
0.10000000149011612    111
0.10000000149011612    112
0.10000000149011612    122
0.10000000149011612    116
0.10000000149011612    97
0.10000000149011612    158
0.10000000149011612    127
0.10000000149011612    113
0.10000000149011612    103
0.10000000149011612    99
0.10000000149011612    215
0.10000000149011612    225
0.10000000149011612    190
0.10000000149011612    187
0.10000000149011612    288
0.10000000149011612    218
0.10000000149011612    194
0.10000000149011612    136
0.10000000149011612    166
0.10000000149011612    202
0.10000000149011612    130
0.10000000149011612    177
0.10000000149011612    230
0.10000000149011612    142
0.10000000149011612    279
0.10000000149011612    200
0.10000000149011612    150
0.10000000149011612    165
0.10000000149011612    154
0.10000000149011612    353
0.10000000149011612    261
0.10000000149011612    336
0.10000000149011612    517
0.10000000149011612    477
0.10000000149011612    354
0.10000000149011612    337
0.10000000149011612    425
0.10000000149011612    543
0.10000000149011612    365
0.10000000149011612    104
0.10000000149011612    99
0.10000000149011612    102
0.10000000149011612    118
0.10000000149011612    107
0.10000000149011612    99
0.10000000149011612    96
0.10000000149011612    94
0.10000000149011612    100
0.10000000149011612    100
0.10000000149011612    265
0.10000000149011612    308
0.10000000149011612    327
0.10000000149011612    268
0.10000000149011612    266
0.10000000149011612    306
0.10000000149011612    272
0.10000000149011612    305
0.10000000149011612    240
0.10000000149011612    321
0.10000000149011612    87
0.10000000149011612    73
0.10000000149011612    78
0.10000000149011612    76
0.10000000149011612    84
0.10000000149011612    82
0.10000000149011612    79
0.10000000149011612    83
0.10000000149011612    88
0.10000000149011612    82
0.10000000149011612    102
0.10000000149011612    112
0.10000000149011612    99
0.10000000149011612    111
0.10000000149011612    116
0.10000000149011612    98
0.10000000149011612    95
0.10000000149011612    106
0.10000000149011612    125
0.10000000149011612    102
0.10000000149011612    322
0.10000000149011612    274
0.10000000149011612    304
0.10000000149011612    348
0.10000000149011612    325
0.10000000149011612    307
0.10000000149011612    336
0.10000000149011612    451
0.10000000149011612    326
0.10000000149011612    320
0.10000000149011612    79
0.10000000149011612    75
0.10000000149011612    77
0.10000000149011612    84
0.10000000149011612    81
0.10000000149011612    103
0.10000000149011612    83
0.10000000149011612    81
0.10000000149011612    87
0.10000000149011612    87
0.10000000149011612    131
0.10000000149011612    97
0.10000000149011612    108
0.10000000149011612    141
0.10000000149011612    100
0.10000000149011612    148
0.10000000149011612    185
0.10000000149011612    122
0.10000000149011612    131
0.10000000149011612    105
0.10000000149011612    429
0.10000000149011612    362
0.10000000149011612    301
0.10000000149011612    414
0.10000000149011612    304
0.10000000149011612    378
0.10000000149011612    437
0.10000000149011612    391
0.10000000149011612    414
0.10000000149011612    364
0.10000000149011612    159
0.10000000149011612    138
0.10000000149011612    177
0.10000000149011612    122
0.10000000149011612    165
0.10000000149011612    209
0.10000000149011612    197
0.10000000149011612    243
0.10000000149011612    143
0.10000000149011612    189
0.10000000149011612    148
0.10000000149011612    130
0.10000000149011612    127
0.10000000149011612    124
0.10000000149011612    123
0.10000000149011612    179
0.10000000149011612    166
0.10000000149011612    131
0.10000000149011612    103
0.10000000149011612    129
0.10000000149011612    233
0.10000000149011612    205
0.10000000149011612    250
0.10000000149011612    215
0.10000000149011612    258
0.10000000149011612    305
0.10000000149011612    234
0.10000000149011612    216
0.10000000149011612    247
0.10000000149011612    182
0.10000000149011612    26
0.10000000149011612    18
0.10000000149011612    18
0.10000000149011612    20
0.10000000149011612    17
0.10000000149011612    19
0.10000000149011612    19
0.10000000149011612    27
0.10000000149011612    22
0.10000000149011612    23
0.10000000149011612    231
0.10000000149011612    219
0.10000000149011612    228
0.10000000149011612    176
0.10000000149011612    257
0.10000000149011612    196
0.10000000149011612    244
0.10000000149011612    268
0.10000000149011612    228
0.10000000149011612    217
0.10000000149011612    304
0.10000000149011612    278
0.10000000149011612    281
0.10000000149011612    333
0.10000000149011612    245
0.10000000149011612    306
0.10000000149011612    221
0.10000000149011612    254
0.10000000149011612    267
0.10000000149011612    251
0.10000000149011612    290
0.10000000149011612    266
0.10000000149011612    237
0.10000000149011612    260
0.10000000149011612    312
0.10000000149011612    223
0.10000000149011612    264
0.10000000149011612    337
0.10000000149011612    346
0.10000000149011612    97
0.10000000149011612    99
0.10000000149011612    114
0.10000000149011612    122
0.10000000149011612    117
0.10000000149011612    151
0.10000000149011612    120
0.10000000149011612    119
0.10000000149011612    149
0.10000000149011612    96
0.10000000149011612    31
0.10000000149011612    27
0.10000000149011612    33
0.10000000149011612    34
0.10000000149011612    31
0.10000000149011612    37
0.10000000149011612    39
0.10000000149011612    34
0.10000000149011612    36
0.10000000149011612    31
0.10000000149011612    94
0.10000000149011612    105
0.10000000149011612    96
0.10000000149011612    105
0.10000000149011612    95
0.10000000149011612    96
0.10000000149011612    103
0.10000000149011612    103
0.10000000149011612    95
0.10000000149011612    103
0.10000000149011612    102
0.10000000149011612    96
0.10000000149011612    97
0.10000000149011612    97
0.10000000149011612    92
0.10000000149011612    96
0.10000000149011612    111
0.10000000149011612    97
0.10000000149011612    99
0.10000000149011612    98
0.10000000149011612    102
0.10000000149011612    96
0.10000000149011612    97
0.10000000149011612    97
0.10000000149011612    92
0.10000000149011612    96
0.10000000149011612    111
0.10000000149011612    97
0.10000000149011612    99
0.10000000149011612    98
0.10000000149011612    102
0.10000000149011612    96
0.10000000149011612    97
0.10000000149011612    97
0.10000000149011612    92
0.10000000149011612    96
0.10000000149011612    111
0.10000000149011612    97
0.10000000149011612    99
0.10000000149011612    98
0.10000000149011612    102
0.10000000149011612    96
0.10000000149011612    97
0.10000000149011612    97
0.10000000149011612    92
0.10000000149011612    96
0.10000000149011612    111
0.10000000149011612    97
0.10000000149011612    99
0.10000000149011612    98
0.10000000149011612    102
0.10000000149011612    96
0.10000000149011612    97
0.10000000149011612    97
0.10000000149011612    92
0.10000000149011612    96
0.10000000149011612    111
0.10000000149011612    97
0.10000000149011612    99
0.10000000149011612    98
0.10000000149011612    13
0.10000000149011612    15
0.10000000149011612    13
0.10000000149011612    13
0.10000000149011612    15
0.10000000149011612    13
0.10000000149011612    102
0.10000000149011612    96
0.10000000149011612    97
0.10000000149011612    97
0.10000000149011612    92
0.10000000149011612    96
0.10000000149011612    111
0.10000000149011612    97
0.10000000149011612    99
0.10000000149011612    98
0.10000000149011612    232
0.10000000149011612    284
0.10000000149011612    297
0.10000000149011612    245
0.10000000149011612    248
0.10000000149011612    274
0.10000000149011612    298
0.10000000149011612    330
0.10000000149011612    264
0.10000000149011612    276
0.10000000149011612    239
0.10000000149011612    275
0.10000000149011612    250
0.10000000149011612    301
0.10000000149011612    274
0.10000000149011612    333
0.10000000149011612    306
0.10000000149011612    299
0.10000000149011612    270
0.10000000149011612    260
0.10000000149011612    210
0.10000000149011612    245
0.10000000149011612    198
0.10000000149011612    171
0.10000000149011612    204
0.10000000149011612    217
0.10000000149011612    208
0.10000000149011612    177
0.10000000149011612    198
0.10000000149011612    244
0.10000000149011612    439
0.10000000149011612    496
0.10000000149011612    351
0.10000000149011612    423
0.10000000149011612    325
0.10000000149011612    407
0.10000000149011612    644
0.10000000149011612    121
0.10000000149011612    137
0.10000000149011612    127
0.10000000149011612    120
0.10000000149011612    174
0.10000000149011612    213
0.10000000149011612    220
0.10000000149011612    125
0.10000000149011612    116
0.10000000149011612    113
0.10000000149011612    84
0.10000000149011612    88
0.10000000149011612    85
0.10000000149011612    85
0.10000000149011612    88
0.10000000149011612    86
0.10000000149011612    95
0.10000000149011612    85
0.10000000149011612    87
0.10000000149011612    87
0.10000000149011612    107
0.10000000149011612    119
0.10000000149011612    109
0.10000000149011612    148
0.10000000149011612    104
0.10000000149011612    168
0.10000000149011612    113
0.10000000149011612    141
0.10000000149011612    141
0.10000000149011612    101
0.10000000149011612    185
0.10000000149011612    207
0.10000000149011612    214
0.10000000149011612    231
0.10000000149011612    163
0.10000000149011612    201
0.10000000149011612    212
0.10000000149011612    291
0.10000000149011612    293
0.10000000149011612    416
0.10000000149011612    402
0.10000000149011612    378
0.10000000149011612    600
0.10000000149011612    445
0.10000000149011612    356
0.10000000149011612    418
0.10000000149011612    421
0.10000000149011612    403
0.10000000149011612    339
